{"accessors":[{"bufferView":0,"componentType":5125,"count":708,"max":[359.0],"min":[0.0],"type":"SCALAR"},{"bufferView":1,"componentType":5126,"count":360,"max":[9.448819160461426,9.842519760131836,232.46456909179688],"min":[0.0,0.0,4.441121248532909e-9],"type":"VEC3"},{"bufferView":2,"componentType":5126,"count":360,"max":[1.0,1.0,1.0],"min":[-1.0,-1.0,-1.0],"type":"VEC3"},{"bufferView":3,"componentType":5126,"count":360,"max":[0.8202099800109863,1.0],"min":[-0.8511240482330322,-18.372047424316408],"type":"VEC2"},{"bufferView":4,"componentType":5125,"count":708,"max":[359.0],"min":[0.0],"type":"SCALAR"},{"bufferView":5,"componentType":5126,"count":360,"max":[9.448819160461426,9.842519760131836,232.46456909179688],"min":[0.0,4.547473508864641e-13,-277.9354248046875],"type":"VEC3"},{"bufferView":6,"componentType":5126,"count":360,"max":[1.0,1.0,1.0],"min":[-1.0,-1.0,-1.0],"type":"VEC3"},{"bufferView":7,"componentType":5126,"count":360,"max":[0.8202099800109863,24.161285400390626],"min":[-0.8511240482330322,-18.372047424316408],"type":"VEC2"},{"bufferView":8,"componentType":5125,"count":708,"max":[359.0],"min":[0.0],"type":"SCALAR"},{"bufferView":9,"componentType":5126,"count":360,"max":[9.448819160461426,9.842519760131836,232.46456909179688],"min":[0.0,0.0,4.441121248532909e-9],"type":"VEC3"},{"bufferView":10,"componentType":5126,"count":360,"max":[1.0,1.0,1.0],"min":[-1.0,-1.0,-1.0],"type":"VEC3"},{"bufferView":11,"componentType":5126,"count":360,"max":[0.8202099800109863,1.0],"min":[-0.8511240482330322,-18.372047424316408],"type":"VEC2"},{"bufferView":12,"componentType":5125,"count":1044,"max":[573.0],"min":[0.0],"type":"SCALAR"},{"bufferView":13,"componentType":5126,"count":574,"max":[88.7125015258789,9.842519760131836,907.6288452148438],"min":[-1.1596057447604835e-11,-6.275513442233205e-11,456.46136474609377],"type":"VEC3"},{"bufferView":14,"componentType":5126,"count":574,"max":[1.0,1.0,0.9848077297210693],"min":[-1.0,-1.0,-1.0],"type":"VEC3"},{"bufferView":15,"componentType":5126,"count":574,"max":[7.392708778381348,1.0],"min":[-7.392708778381348,-74.66923522949219],"type":"VEC2"},{"bufferView":16,"componentType":5125,"count":1068,"max":[587.0],"min":[0.0],"type":"SCALAR"},{"bufferView":17,"componentType":5126,"count":588,"max":[88.7125015258789,9.842519760131836,907.6288452148438],"min":[-4.661160346586257e-12,-6.275513442233205e-11,456.46136474609377],"type":"VEC3"},{"bufferView":18,"componentType":5126,"count":588,"max":[1.0,1.0,0.9848077297210693],"min":[-1.0,-1.0,-1.0],"type":"VEC3"},{"bufferView":19,"componentType":5126,"count":588,"max":[7.392708778381348,1.0],"min":[-7.392708778381348,-74.66923522949219],"type":"VEC2"},{"bufferView":20,"componentType":5125,"count":1044,"max":[573.0],"min":[0.0],"type":"SCALAR"},{"bufferView":21,"componentType":5126,"count":574,"max":[88.7125015258789,9.842519760131836,907.6288452148438],"min":[-5.172751116333529e-12,-6.275513442233205e-11,456.46136474609377],"type":"VEC3"},{"bufferView":22,"componentType":5126,"count":574,"max":[1.0,1.0,0.9848077297210693],"min":[-1.0,-1.0,-1.0],"type":"VEC3"},{"bufferView":23,"componentType":5126,"count":574,"max":[7.392708778381348,1.0],"min":[-7.392708778381348,-74.66923522949219],"type":"VEC2"}],"asset":{"generator":"SimLab GLTF","version":"2.0"},"bufferViews":[{"buffer":0,"byteLength":2832,"target":34963},{"buffer":0,"byteLength":4320,"byteOffset":2832,"byteStride":12,"target":34962},{"buffer":0,"byteLength":4320,"byteOffset":7152,"byteStride":12,"target":34962},{"buffer":0,"byteLength":2880,"byteOffset":11472,"byteStride":8,"target":34962},{"buffer":0,"byteLength":2832,"byteOffset":14352,"target":34963},{"buffer":0,"byteLength":4320,"byteOffset":17184,"byteStride":12,"target":34962},{"buffer":0,"byteLength":4320,"byteOffset":21504,"byteStride":12,"target":34962},{"buffer":0,"byteLength":2880,"byteOffset":25824,"byteStride":8,"target":34962},{"buffer":0,"byteLength":2832,"byteOffset":28704,"target":34963},{"buffer":0,"byteLength":4320,"byteOffset":31536,"byteStride":12,"target":34962},{"buffer":0,"byteLength":4320,"byteOffset":35856,"byteStride":12,"target":34962},{"buffer":0,"byteLength":2880,"byteOffset":40176,"byteStride":8,"target":34962},{"buffer":0,"byteLength":4176,"byteOffset":43056,"target":34963},{"buffer":0,"byteLength":6888,"byteOffset":47232,"byteStride":12,"target":34962},{"buffer":0,"byteLength":6888,"byteOffset":54120,"byteStride":12,"target":34962},{"buffer":0,"byteLength":4592,"byteOffset":61008,"byteStride":8,"target":34962},{"buffer":0,"byteLength":4272,"byteOffset":65600,"target":34963},{"buffer":0,"byteLength":7056,"byteOffset":69872,"byteStride":12,"target":34962},{"buffer":0,"byteLength":7056,"byteOffset":76928,"byteStride":12,"target":34962},{"buffer":0,"byteLength":4704,"byteOffset":83984,"byteStride":8,"target":34962},{"buffer":0,"byteLength":4176,"byteOffset":88688,"target":34963},{"buffer":0,"byteLength":6888,"byteOffset":92864,"byteStride":12,"target":34962},{"buffer":0,"byteLength":6888,"byteOffset":99752,"byteStride":12,"target":34962},{"buffer":0,"byteLength":4592,"byteOffset":106640,"byteStride":8,"target":34962}],"buffers":[{"byteLength":111232,"uri":"frame__up_1.bin"}],"extensionsUsed":["KHR_materials_pbrSpecularGlossiness"],"images":[{"mimeType":"image/jpeg","uri":"Textures/Carpet003_2K_AmbientOcclusion.jpg"}],"materials":[{"extensions":{"KHR_materials_pbrSpecularGlossiness":{"diffuseFactor":[1.0,1.0,1.0,1.0],"diffuseTexture":{"index":0},"specularFactor":[0.5,0.5,0.5],"glossinessFactor":0.5}},"name":"#","alphaMode":"MASK","doubleSided":true,"pbrMetallicRoughness":{"baseColorTexture":{"index":0},"metallicFactor":0.5,"roughnessFactor":0.5}}],"meshes":[{"primitives":[{"attributes":{"NORMAL":2,"POSITION":1,"TEXCOORD_0":3},"indices":0,"material":0,"mode":4}]},{"primitives":[{"attributes":{"NORMAL":6,"POSITION":5,"TEXCOORD_0":7},"indices":4,"material":0,"mode":4}]},{"primitives":[{"attributes":{"NORMAL":10,"POSITION":9,"TEXCOORD_0":11},"indices":8,"material":0,"mode":4}]},{"primitives":[{"attributes":{"NORMAL":14,"POSITION":13,"TEXCOORD_0":15},"indices":12,"material":0,"mode":4}]},{"primitives":[{"attributes":{"NORMAL":18,"POSITION":17,"TEXCOORD_0":19},"indices":16,"material":0,"mode":4}]},{"primitives":[{"attributes":{"NORMAL":22,"POSITION":21,"TEXCOORD_0":23},"indices":20,"material":0,"mode":4}]}],"nodes":[{"children":[1,2],"matrix":[1.0,0.0,0.0,0.0,0.0,4.4896593387466768e-11,-1.0,0.0,0.0,1.0,4.4896593387466768e-11,0.0,0.0,0.0,0.0,1.0]},{"name":"Camera-2","rotation":[-0.7071067690849304,0.0,0.0,-0.7071067690849304],"translation":[6.72707986831665,-60.50165939331055,4.076477527618408]},{"name":"Assembly-9","children":[3],"rotation":[0.0,0.0,0.0,-1.0],"scale":[0.02539999969303608,0.02539999969303608,0.02539999969303608]},{"children":[4,10,13,16],"rotation":[0.0,0.0,0.0,-1.0]},{"children":[5,7,9],"rotation":[0.0,0.0,0.0,-1.0],"translation":[2.823981049004942e-10,0.8235188126564026,3.9942847809075995e-25]},{"children":[6],"rotation":[0.0,0.0,0.0,-1.0],"translation":[519.8488159179688,2.3646862246096136e-10,-4.439628664698603e-9]},{"name":"3DGeom-2","mesh":0,"rotation":[0.0,0.0,0.0,-1.0]},{"children":[8],"matrix":[-3.82856880455694e-16,-4.451850129857937e-13,-1.0,0.0,-4.451854195616084e-13,1.0,-4.451850129857937e-13,0.0,1.0,4.451854195616084e-13,-3.82856880455694e-16,0.0,287.3842468261719,3.597051545511931e-10,232.46456909179688,1.0]},{"name":"3DGeom-3","mesh":1,"rotation":[0.0,0.0,0.0,-1.0]},{"mesh":2,"rotation":[0.0,0.0,0.0,-1.0]},{"children":[11,12],"matrix":[-1.5798416719801922e-13,-0.08715574443340302,-0.9961947202682495,0.0,1.0,-1.3769073670133209e-14,-1.5738300419843032e-13,0.0,1.548976476362239e-19,-0.9961947202682495,0.08715574443340302,0.0,3.5788616514764728e-10,911.0958251953125,241.87742614746095,1.0]},{"name":"3DGeom-4","mesh":3,"rotation":[0.0,0.0,0.0,-1.0]},{"name":"2DGeom","rotation":[0.0,0.0,0.0,-1.0]},{"children":[14,15],"matrix":[-1.5798416719801922e-13,-0.08715574443340302,-0.9961947202682495,0.0,1.0,-1.3769073670133209e-14,-1.5738300419843032e-13,0.0,1.548976476362239e-19,-0.9961947202682495,0.08715574443340302,0.0,259.7275695800781,911.0958251953125,241.87742614746095,1.0]},{"name":"3DGeom-6","mesh":4,"rotation":[0.0,0.0,0.0,-1.0]},{"name":"2DGeom","rotation":[0.0,0.0,0.0,-1.0]},{"children":[17,18],"matrix":[-1.5798416719801922e-13,-0.08715574443340302,-0.9961947202682495,0.0,1.0,-1.3769073670133209e-14,-1.5738300419843032e-13,0.0,1.548976476362239e-19,-0.9961947202682495,0.08715574443340302,0.0,519.8488159179688,911.0958251953125,241.87742614746095,1.0]},{"name":"3DGeom-8","mesh":5,"rotation":[0.0,0.0,0.0,-1.0]},{"name":"2DGeom","rotation":[0.0,0.0,0.0,-1.0]}],"scene":0,"scenes":[{"nodes":[0]}],"textures":[{"source":0}]}