{"accessors":[{"bufferView":0,"componentType":5125,"count":36,"max":[23.0],"min":[0.0],"type":"SCALAR"},{"bufferView":1,"componentType":5126,"count":24,"max":[480.0,9.059419711534688e-16,11.801666259765625],"min":[457.6400146484375,-1.5,0.0],"type":"VEC3"},{"bufferView":2,"componentType":5126,"count":24,"max":[1.0,1.0,0.9599999785423279],"min":[-0.9599999785423279,-1.0,-0.9599999785423279],"type":"VEC3"},{"bufferView":3,"componentType":5125,"count":36,"max":[23.0],"min":[0.0],"type":"SCALAR"},{"bufferView":4,"componentType":5126,"count":24,"max":[480.0,9.059419711534688e-16,11.801666259765625],"min":[457.6400146484375,-1.5,0.0],"type":"VEC3"},{"bufferView":5,"componentType":5126,"count":24,"max":[1.0,1.0,0.9599999785423279],"min":[-0.9599999785423279,-1.0,-0.9599999785423279],"type":"VEC3"},{"bufferView":6,"componentType":5125,"count":36,"max":[23.0],"min":[0.0],"type":"SCALAR"},{"bufferView":7,"componentType":5126,"count":24,"max":[1.5,708.0,7.25],"min":[0.0,-12.0,1.75],"type":"VEC3"},{"bufferView":8,"componentType":5126,"count":24,"max":[1.0,1.0,1.0],"min":[-1.0,-1.0,-1.0],"type":"VEC3"},{"bufferView":9,"componentType":5125,"count":36,"max":[23.0],"min":[0.0],"type":"SCALAR"},{"bufferView":10,"componentType":5126,"count":24,"max":[5.5,733.5,1.5],"min":[0.0,-10.5,-1.7053025658242404e-13],"type":"VEC3"},{"bufferView":11,"componentType":5126,"count":24,"max":[1.0,1.0,1.0],"min":[-1.0,-1.0,-1.0],"type":"VEC3"}],"asset":{"generator":"SimLab GLTF","version":"2.0"},"bufferViews":[{"buffer":0,"byteLength":144,"target":34963},{"buffer":0,"byteLength":288,"byteOffset":144,"byteStride":12,"target":34962},{"buffer":0,"byteLength":288,"byteOffset":432,"byteStride":12,"target":34962},{"buffer":0,"byteLength":144,"byteOffset":720,"target":34963},{"buffer":0,"byteLength":288,"byteOffset":864,"byteStride":12,"target":34962},{"buffer":0,"byteLength":288,"byteOffset":1152,"byteStride":12,"target":34962},{"buffer":0,"byteLength":144,"byteOffset":1440,"target":34963},{"buffer":0,"byteLength":288,"byteOffset":1584,"byteStride":12,"target":34962},{"buffer":0,"byteLength":288,"byteOffset":1872,"byteStride":12,"target":34962},{"buffer":0,"byteLength":144,"byteOffset":2160,"target":34963},{"buffer":0,"byteLength":288,"byteOffset":2304,"byteStride":12,"target":34962},{"buffer":0,"byteLength":288,"byteOffset":2592,"byteStride":12,"target":34962}],"buffers":[{"byteLength":2880,"uri":"frame_up_1.bin"}],"extensionsUsed":["KHR_materials_pbrSpecularGlossiness"],"materials":[{"extensions":{"KHR_materials_pbrSpecularGlossiness":{"diffuseFactor":[1.0,0.9490196108818054,0.800000011920929,1.0],"specularFactor":[0.5,0.4745098054409027,0.4000000059604645],"glossinessFactor":0.5}},"name":"[Color_D05]","alphaMode":"MASK","doubleSided":true,"pbrMetallicRoughness":{"baseColorFactor":[1.0,0.9490196108818054,0.800000011920929,1.0],"metallicFactor":0.5,"roughnessFactor":0.5}}],"meshes":[{"primitives":[{"attributes":{"NORMAL":2,"POSITION":1},"indices":0,"material":0,"mode":4}]},{"primitives":[{"attributes":{"NORMAL":5,"POSITION":4},"indices":3,"material":0,"mode":4}]},{"primitives":[{"attributes":{"NORMAL":2,"POSITION":1},"indices":0,"material":0,"mode":4}]},{"primitives":[{"attributes":{"NORMAL":5,"POSITION":4},"indices":3,"material":0,"mode":4}]},{"primitives":[{"attributes":{"NORMAL":2,"POSITION":1},"indices":0,"material":0,"mode":4}]},{"primitives":[{"attributes":{"NORMAL":5,"POSITION":4},"indices":3,"material":0,"mode":4}]},{"primitives":[{"attributes":{"NORMAL":2,"POSITION":1},"indices":0,"material":0,"mode":4}]},{"primitives":[{"attributes":{"NORMAL":5,"POSITION":4},"indices":3,"material":0,"mode":4}]},{"primitives":[{"attributes":{"NORMAL":2,"POSITION":1},"indices":0,"material":0,"mode":4}]},{"primitives":[{"attributes":{"NORMAL":5,"POSITION":4},"indices":3,"material":0,"mode":4}]},{"primitives":[{"attributes":{"NORMAL":2,"POSITION":1},"indices":0,"material":0,"mode":4}]},{"primitives":[{"attributes":{"NORMAL":5,"POSITION":4},"indices":3,"material":0,"mode":4}]},{"primitives":[{"attributes":{"NORMAL":2,"POSITION":1},"indices":0,"material":0,"mode":4}]},{"primitives":[{"attributes":{"NORMAL":5,"POSITION":4},"indices":3,"material":0,"mode":4}]},{"primitives":[{"attributes":{"NORMAL":8,"POSITION":7},"indices":6,"material":0,"mode":4}]},{"primitives":[{"attributes":{"NORMAL":11,"POSITION":10},"indices":9,"material":0,"mode":4}]},{"primitives":[{"attributes":{"NORMAL":11,"POSITION":10},"indices":9,"material":0,"mode":4}]},{"primitives":[{"attributes":{"NORMAL":11,"POSITION":10},"indices":9,"material":0,"mode":4}]},{"primitives":[{"attributes":{"NORMAL":11,"POSITION":10},"indices":9,"material":0,"mode":4}]},{"primitives":[{"attributes":{"NORMAL":11,"POSITION":10},"indices":9,"material":0,"mode":4}]},{"primitives":[{"attributes":{"NORMAL":11,"POSITION":10},"indices":9,"material":0,"mode":4}]},{"primitives":[{"attributes":{"NORMAL":11,"POSITION":10},"indices":9,"material":0,"mode":4}]},{"primitives":[{"attributes":{"NORMAL":11,"POSITION":10},"indices":9,"material":0,"mode":4}]},{"primitives":[{"attributes":{"NORMAL":11,"POSITION":10},"indices":9,"material":0,"mode":4}]},{"primitives":[{"attributes":{"NORMAL":11,"POSITION":10},"indices":9,"material":0,"mode":4}]},{"primitives":[{"attributes":{"NORMAL":11,"POSITION":10},"indices":9,"material":0,"mode":4}]}],"nodes":[{"children":[1,2],"matrix":[1.0,0.0,0.0,0.0,0.0,4.4896593387466768e-11,-1.0,0.0,0.0,1.0,4.4896593387466768e-11,0.0,0.0,0.0,0.0,1.0]},{"name":"Camera-2","rotation":[-0.7071067690849304,0.0,0.0,-0.7071067690849304],"translation":[2.9146499633789064,-66.44640350341797,5.299766540527344]},{"name":"Assembly-35","children":[3,8,13,18,23,28,33,38,40],"rotation":[0.0,0.0,0.0,-1.0],"scale":[0.02539999969303608,0.02539999969303608,0.02539999969303608]},{"children":[4,6],"rotation":[0.0,0.0,1.0,-1.1102230246251566e-16],"translation":[11.859999656677246,7.0,170.9375]},{"name":"TCR","children":[5],"rotation":[0.0,0.0,0.0,-1.0],"translation":[-457.6400146484375,8.5,0.0]},{"name":"3DGeom-1","mesh":0,"rotation":[0.0,0.0,0.0,-1.0]},{"name":"TCR","children":[7],"rotation":[0.0,0.0,0.0,-1.0],"translation":[-457.6400146484375,1.5,0.0]},{"name":"3DGeom-2","mesh":1,"rotation":[0.0,0.0,0.0,-1.0]},{"children":[9,11],"rotation":[0.0,0.0,1.0,-1.1102230246251566e-16],"translation":[11.859999656677246,364.25,170.9375]},{"name":"TCR","children":[10],"rotation":[0.0,0.0,0.0,-1.0],"translation":[-457.6400146484375,8.5,0.0]},{"name":"3DGeom-1","mesh":2,"rotation":[0.0,0.0,0.0,-1.0]},{"name":"TCR","children":[12],"rotation":[0.0,0.0,0.0,-1.0],"translation":[-457.6400146484375,1.5,0.0]},{"name":"3DGeom-2","mesh":3,"rotation":[0.0,0.0,0.0,-1.0]},{"children":[14,16],"rotation":[0.0,0.0,1.0,-1.1102230246251566e-16],"translation":[11.859999656677246,484.25,170.9375]},{"name":"TCR","children":[15],"rotation":[0.0,0.0,0.0,-1.0],"translation":[-457.6400146484375,8.5,0.0]},{"name":"3DGeom-1","mesh":4,"rotation":[0.0,0.0,0.0,-1.0]},{"name":"TCR","children":[17],"rotation":[0.0,0.0,0.0,-1.0],"translation":[-457.6400146484375,1.5,0.0]},{"name":"3DGeom-2","mesh":5,"rotation":[0.0,0.0,0.0,-1.0]},{"children":[19,21],"rotation":[0.0,0.0,1.0,-1.1102230246251566e-16],"translation":[11.859999656677246,721.5,170.9375]},{"name":"TCR","children":[20],"rotation":[0.0,0.0,0.0,-1.0],"translation":[-457.6400146484375,8.5,0.0]},{"name":"3DGeom-1","mesh":6,"rotation":[0.0,0.0,0.0,-1.0]},{"name":"TCR","children":[22],"rotation":[0.0,0.0,0.0,-1.0],"translation":[-457.6400146484375,1.5,0.0]},{"name":"3DGeom-2","mesh":7,"rotation":[0.0,0.0,0.0,-1.0]},{"children":[24,26],"rotation":[0.0,0.0,1.0,-1.1102230246251566e-16],"translation":[11.859999656677246,244.25,170.9375]},{"name":"TCR","children":[25],"rotation":[0.0,0.0,0.0,-1.0],"translation":[-457.6400146484375,8.5,0.0]},{"name":"3DGeom-1","mesh":8,"rotation":[0.0,0.0,0.0,-1.0]},{"name":"TCR","children":[27],"rotation":[0.0,0.0,0.0,-1.0],"translation":[-457.6400146484375,1.5,0.0]},{"name":"3DGeom-2","mesh":9,"rotation":[0.0,0.0,0.0,-1.0]},{"children":[29,31],"rotation":[0.0,0.0,1.0,-1.1102230246251566e-16],"translation":[11.859999656677246,124.25,170.9375]},{"name":"TCR","children":[30],"rotation":[0.0,0.0,0.0,-1.0],"translation":[-457.6400146484375,8.5,0.0]},{"name":"3DGeom-1","mesh":10,"rotation":[0.0,0.0,0.0,-1.0]},{"name":"TCR","children":[32],"rotation":[0.0,0.0,0.0,-1.0],"translation":[-457.6400146484375,1.5,0.0]},{"name":"3DGeom-2","mesh":11,"rotation":[0.0,0.0,0.0,-1.0]},{"children":[34,36],"rotation":[0.0,0.0,1.0,-1.1102230246251566e-16],"translation":[11.859999656677246,604.25,170.9375]},{"name":"TCR","children":[35],"rotation":[0.0,0.0,0.0,-1.0],"translation":[-457.6400146484375,8.5,0.0]},{"name":"3DGeom-1","mesh":12,"rotation":[0.0,0.0,0.0,-1.0]},{"name":"TCR","children":[37],"rotation":[0.0,0.0,0.0,-1.0],"translation":[-457.6400146484375,1.5,0.0]},{"name":"3DGeom-2","mesh":13,"rotation":[0.0,0.0,0.0,-1.0]},{"children":[39],"rotation":[0.0,0.0,1.0,-1.1102230246251566e-16],"translation":[2.4424906541753445e-15,707.9979858398438,166.2744598388672]},{"name":"3DGeom-15","mesh":14,"rotation":[0.0,0.0,0.0,-1.0]},{"children":[41,43,45,47,49,51,53,55,57,59,61],"rotation":[1.0,0.0,0.0,-0.0],"scale":[-1.0,-1.0,-1.0],"translation":[240.0,-1.5,177.45916748046876]},{"children":[42],"matrix":[0.2800000011920929,4.445879534373178e-16,0.9599999785423279,0.0,-2.500195356042195e-16,1.0,-3.9019006819654815e-16,0.0,-0.9599999785423279,-1.3076554196715993e-16,0.2800000011920929,0.0,205.10000610351563,1.7985612998927537e-14,6.71999979019165,1.0]},{"name":"3DGeom-16","mesh":15,"rotation":[0.0,0.0,0.0,-1.0]},{"children":[44],"matrix":[0.2800000011920929,4.445879534373178e-16,0.9599999785423279,0.0,-2.500195356042195e-16,1.0,-3.9019006819654815e-16,0.0,-0.9599999785423279,-1.3076554196715993e-16,0.2800000011920929,0.0,228.13999938964845,7.105427357601002e-15,2.842170943040401e-14,1.0]},{"name":"3DGeom-16","mesh":16,"rotation":[0.0,0.0,0.0,-1.0]},{"children":[46],"matrix":[0.2800000011920929,4.445879534373178e-16,0.9599999785423279,0.0,-2.500195356042195e-16,1.0,-3.9019006819654815e-16,0.0,-0.9599999785423279,-1.3076554196715993e-16,0.2800000011920929,0.0,112.94000244140625,6.150635556423367e-14,33.599998474121097,1.0]},{"name":"3DGeom-16","mesh":17,"rotation":[0.0,0.0,0.0,-1.0]},{"children":[48],"matrix":[0.2800000011920929,4.445879534373178e-16,0.9599999785423279,0.0,-2.500195356042195e-16,1.0,-3.9019006819654815e-16,0.0,-0.9599999785423279,-1.3076554196715993e-16,0.2800000011920929,0.0,182.05999755859376,2.886579864025407e-14,13.4399995803833,1.0]},{"name":"3DGeom-16","mesh":18,"rotation":[0.0,0.0,0.0,-1.0]},{"children":[50],"matrix":[0.2800000011920929,4.445879534373178e-16,0.9599999785423279,0.0,-2.500195356042195e-16,1.0,-3.9019006819654815e-16,0.0,-0.9599999785423279,-1.3076554196715993e-16,0.2800000011920929,0.0,159.02000427246095,3.9745984281580607e-14,20.15999984741211,1.0]},{"name":"3DGeom-16","mesh":19,"rotation":[0.0,0.0,0.0,-1.0]},{"children":[52],"matrix":[0.2800000011920929,4.445879534373178e-16,0.9599999785423279,0.0,-2.500195356042195e-16,1.0,-3.9019006819654815e-16,0.0,-0.9599999785423279,-1.3076554196715993e-16,0.2800000011920929,0.0,135.97999572753907,5.062616992290714e-14,26.8799991607666,1.0]},{"name":"3DGeom-16","mesh":20,"rotation":[0.0,0.0,0.0,-1.0]},{"children":[54],"matrix":[0.2800000011920929,4.445879534373178e-16,0.9599999785423279,0.0,-2.500195356042195e-16,1.0,-3.9019006819654815e-16,0.0,-0.9599999785423279,-1.3076554196715993e-16,0.2800000011920929,0.0,66.86000061035156,8.326672684688674e-14,47.040000915527347,1.0]},{"name":"3DGeom-16","mesh":21,"rotation":[0.0,0.0,0.0,-1.0]},{"children":[56],"matrix":[0.2800000011920929,4.445879534373178e-16,0.9599999785423279,0.0,-2.500195356042195e-16,1.0,-3.9019006819654815e-16,0.0,-0.9599999785423279,-1.3076554196715993e-16,0.2800000011920929,0.0,89.9000015258789,7.238654120556021e-14,40.31999969482422,1.0]},{"name":"3DGeom-16","mesh":22,"rotation":[0.0,0.0,0.0,-1.0]},{"children":[58],"matrix":[0.2800000011920929,4.445879534373178e-16,0.9599999785423279,0.0,-2.500195356042195e-16,1.0,-3.9019006819654815e-16,0.0,-0.9599999785423279,-1.3076554196715993e-16,0.2800000011920929,0.0,20.780000686645509,1.0502709812953981e-13,60.47999954223633,1.0]},{"name":"3DGeom-16","mesh":23,"rotation":[0.0,0.0,0.0,-1.0]},{"children":[60],"matrix":[0.2800000011920929,4.445879534373178e-16,0.9599999785423279,0.0,-2.500195356042195e-16,1.0,-3.9019006819654815e-16,0.0,-0.9599999785423279,-1.3076554196715993e-16,0.2800000011920929,0.0,43.81999969482422,9.414691248821327e-14,53.7599983215332,1.0]},{"name":"3DGeom-16","mesh":24,"rotation":[0.0,0.0,0.0,-1.0]},{"children":[62],"matrix":[0.2800000011920929,4.445879534373178e-16,0.9599999785423279,0.0,-2.500195356042195e-16,1.0,-3.9019006819654815e-16,0.0,-0.9599999785423279,-1.3076554196715993e-16,0.2800000011920929,0.0,1.440000057220459,2.220446049250313e-16,66.12083435058594,1.0]},{"name":"3DGeom-16","mesh":25,"rotation":[0.0,0.0,0.0,-1.0]}],"scene":0,"scenes":[{"nodes":[0]}]}