{"accessors":[{"bufferView":0,"componentType":5125,"count":36,"max":[23.0],"min":[0.0],"type":"SCALAR"},{"bufferView":1,"componentType":5126,"count":24,"max":[5.5,733.5,1.5],"min":[0.0,-10.5,-1.7053025658242404e-13],"type":"VEC3"},{"bufferView":2,"componentType":5126,"count":24,"max":[1.0,1.0,1.0],"min":[-1.0,-1.0,-1.0],"type":"VEC3"}],"asset":{"generator":"SimLab GLTF","version":"2.0"},"bufferViews":[{"buffer":0,"byteLength":144,"target":34963},{"buffer":0,"byteLength":288,"byteOffset":144,"byteStride":12,"target":34962},{"buffer":0,"byteLength":288,"byteOffset":432,"byteStride":12,"target":34962}],"buffers":[{"byteLength":720,"uri":"post_frame_1.bin"}],"extensionsUsed":["KHR_materials_pbrSpecularGlossiness"],"materials":[{"extensions":{"KHR_materials_pbrSpecularGlossiness":{"diffuseFactor":[1.0,0.9490196108818054,0.800000011920929,1.0],"specularFactor":[0.5,0.4745098054409027,0.4000000059604645],"glossinessFactor":0.5}},"name":"[Color_D05]","alphaMode":"MASK","doubleSided":true,"pbrMetallicRoughness":{"baseColorFactor":[1.0,0.9490196108818054,0.800000011920929,1.0],"metallicFactor":0.5,"roughnessFactor":0.5}}],"meshes":[{"primitives":[{"attributes":{"NORMAL":2,"POSITION":1},"indices":0,"material":0,"mode":4}]},{"primitives":[{"attributes":{"NORMAL":2,"POSITION":1},"indices":0,"material":0,"mode":4}]},{"primitives":[{"attributes":{"NORMAL":2,"POSITION":1},"indices":0,"material":0,"mode":4}]},{"primitives":[{"attributes":{"NORMAL":2,"POSITION":1},"indices":0,"material":0,"mode":4}]},{"primitives":[{"attributes":{"NORMAL":2,"POSITION":1},"indices":0,"material":0,"mode":4}]},{"primitives":[{"attributes":{"NORMAL":2,"POSITION":1},"indices":0,"material":0,"mode":4}]},{"primitives":[{"attributes":{"NORMAL":2,"POSITION":1},"indices":0,"material":0,"mode":4}]},{"primitives":[{"attributes":{"NORMAL":2,"POSITION":1},"indices":0,"material":0,"mode":4}]},{"primitives":[{"attributes":{"NORMAL":2,"POSITION":1},"indices":0,"material":0,"mode":4}]},{"primitives":[{"attributes":{"NORMAL":2,"POSITION":1},"indices":0,"material":0,"mode":4}]},{"primitives":[{"attributes":{"NORMAL":2,"POSITION":1},"indices":0,"material":0,"mode":4}]}],"nodes":[{"children":[1,2],"matrix":[1.0,0.0,0.0,0.0,0.0,4.4896593387466768e-11,-1.0,0.0,0.0,1.0,4.4896593387466768e-11,0.0,0.0,0.0,0.0,1.0]},{"name":"Camera-2","rotation":[-0.7071067690849304,0.0,0.0,-0.7071067690849304],"translation":[9.012935638427735,-66.44640350341797,5.4195876121521]},{"name":"Assembly-13","children":[3],"rotation":[0.0,0.0,0.0,-1.0],"scale":[0.02539999969303608,0.02539999969303608,0.02539999969303608]},{"children":[4,6,8,10,12,14,16,18,20,22,24],"rotation":[0.0,0.0,0.0,-1.0],"translation":[240.0,-1.5,177.45916748046876]},{"children":[5],"matrix":[0.2800000011920929,4.445879534373178e-16,0.9599999785423279,0.0,-2.500195356042195e-16,1.0,-3.9019006819654815e-16,0.0,-0.9599999785423279,-1.3076554196715993e-16,0.2800000011920929,0.0,205.10000610351563,1.7985612998927537e-14,6.71999979019165,1.0]},{"name":"3DGeom-1","mesh":0,"rotation":[0.0,0.0,0.0,-1.0]},{"children":[7],"matrix":[0.2800000011920929,4.445879534373178e-16,0.9599999785423279,0.0,-2.500195356042195e-16,1.0,-3.9019006819654815e-16,0.0,-0.9599999785423279,-1.3076554196715993e-16,0.2800000011920929,0.0,228.13999938964845,7.105427357601002e-15,2.842170943040401e-14,1.0]},{"name":"3DGeom-1","mesh":1,"rotation":[0.0,0.0,0.0,-1.0]},{"children":[9],"matrix":[0.2800000011920929,4.445879534373178e-16,0.9599999785423279,0.0,-2.500195356042195e-16,1.0,-3.9019006819654815e-16,0.0,-0.9599999785423279,-1.3076554196715993e-16,0.2800000011920929,0.0,112.94000244140625,6.150635556423367e-14,33.599998474121097,1.0]},{"name":"3DGeom-1","mesh":2,"rotation":[0.0,0.0,0.0,-1.0]},{"children":[11],"matrix":[0.2800000011920929,4.445879534373178e-16,0.9599999785423279,0.0,-2.500195356042195e-16,1.0,-3.9019006819654815e-16,0.0,-0.9599999785423279,-1.3076554196715993e-16,0.2800000011920929,0.0,182.05999755859376,2.886579864025407e-14,13.4399995803833,1.0]},{"name":"3DGeom-1","mesh":3,"rotation":[0.0,0.0,0.0,-1.0]},{"children":[13],"matrix":[0.2800000011920929,4.445879534373178e-16,0.9599999785423279,0.0,-2.500195356042195e-16,1.0,-3.9019006819654815e-16,0.0,-0.9599999785423279,-1.3076554196715993e-16,0.2800000011920929,0.0,159.02000427246095,3.9745984281580607e-14,20.15999984741211,1.0]},{"name":"3DGeom-1","mesh":4,"rotation":[0.0,0.0,0.0,-1.0]},{"children":[15],"matrix":[0.2800000011920929,4.445879534373178e-16,0.9599999785423279,0.0,-2.500195356042195e-16,1.0,-3.9019006819654815e-16,0.0,-0.9599999785423279,-1.3076554196715993e-16,0.2800000011920929,0.0,135.97999572753907,5.062616992290714e-14,26.8799991607666,1.0]},{"name":"3DGeom-1","mesh":5,"rotation":[0.0,0.0,0.0,-1.0]},{"children":[17],"matrix":[0.2800000011920929,4.445879534373178e-16,0.9599999785423279,0.0,-2.500195356042195e-16,1.0,-3.9019006819654815e-16,0.0,-0.9599999785423279,-1.3076554196715993e-16,0.2800000011920929,0.0,66.86000061035156,8.326672684688674e-14,47.040000915527347,1.0]},{"name":"3DGeom-1","mesh":6,"rotation":[0.0,0.0,0.0,-1.0]},{"children":[19],"matrix":[0.2800000011920929,4.445879534373178e-16,0.9599999785423279,0.0,-2.500195356042195e-16,1.0,-3.9019006819654815e-16,0.0,-0.9599999785423279,-1.3076554196715993e-16,0.2800000011920929,0.0,89.9000015258789,7.238654120556021e-14,40.31999969482422,1.0]},{"name":"3DGeom-1","mesh":7,"rotation":[0.0,0.0,0.0,-1.0]},{"children":[21],"matrix":[0.2800000011920929,4.445879534373178e-16,0.9599999785423279,0.0,-2.500195356042195e-16,1.0,-3.9019006819654815e-16,0.0,-0.9599999785423279,-1.3076554196715993e-16,0.2800000011920929,0.0,20.780000686645509,1.0502709812953981e-13,60.47999954223633,1.0]},{"name":"3DGeom-1","mesh":8,"rotation":[0.0,0.0,0.0,-1.0]},{"children":[23],"matrix":[0.2800000011920929,4.445879534373178e-16,0.9599999785423279,0.0,-2.500195356042195e-16,1.0,-3.9019006819654815e-16,0.0,-0.9599999785423279,-1.3076554196715993e-16,0.2800000011920929,0.0,43.81999969482422,9.414691248821327e-14,53.7599983215332,1.0]},{"name":"3DGeom-1","mesh":9,"rotation":[0.0,0.0,0.0,-1.0]},{"children":[25],"matrix":[0.2800000011920929,4.445879534373178e-16,0.9599999785423279,0.0,-2.500195356042195e-16,1.0,-3.9019006819654815e-16,0.0,-0.9599999785423279,-1.3076554196715993e-16,0.2800000011920929,0.0,1.440000057220459,2.220446049250313e-16,66.12083435058594,1.0]},{"name":"3DGeom-1","mesh":10,"rotation":[0.0,0.0,0.0,-1.0]}],"scene":0,"scenes":[{"nodes":[0]}]}